8889
26439
6987
8866
26920
27623
23781
27048
476
1
17636
10376
21992
5844
17178
21145
723
17138
2399
2
12873
28257
16609
27770
6673
29467
10684
19210
14399
23348
22731
31255
8107
19316
1981
5219
26785
326
11115
29749
6618
26576
17512
4512
7595
3
7642
5639
6013
23063
28297
18657
11645
13487
4150
14778
6805
27331
16686
19322
7322
20253
9247
1258
4807
4
29225
19060
24682
24055
4920
25899
26589
19739
4242
5
12728
11609
5548
23681
5189
25890
29506
19246
28468
10165
22694
7656
20368
22850
14169
26113
4082
32335
1240
31180
18677
14940
20152
2142
9705
8642
21749
6802
29132
25313
7816
9552
28790
2682
15415
4366
22547
26458
11697
23190
32470
20793
7386
12554
4332
22241
25444
13606
25263
6035
3743
15814
13085
19366
21906
17832
29320
16497
13642
26226
24974
19307
10098
1271
7244
30865
10020
4790
26063
30728
30719
2211
18379
3844
25466
32555
23184
4072
24695
1906
18745
7599
22812
10719
26151
16010
734
11738
25518
458
31966
3796
1293
15617
10361
17032
23460
9316
28698
13441
25697
17012
28755
6877
6524
4830
14125
2128
19556
17567
3516
24428
23545
26475
32758
2847
6907
2128
5829
8317
31426
407
30810
19903
20016
491
25285
14988
14565
3773
13506
15736
7857
1510
30934
2763
10063
25230
9883
16515
10832
18765
3672
29596
5973
8081
8917
8846
11905
12864
5486
12568
7470
12190
30821
20796
21215
30832
23421
32139
8822
3170
5828
26786
936
5542
14256
1525
2221
22494
17517
4043
23612
1596
18806
11914
23478
17639
25955
9525
8610
22945
18177
10035
5209
20392
20904
15186
19714
4825
23497
20491
27329
17947
15303
25864
9772
22779
5896
28131
14591
8340
10059
21041
28176
30642
27196
11967
28037
10807
28485
15387
6468
12221
14248
32342
3499
31100
23755
8713
6786
22382
28882
10902
18477
14514
19827
21936
15654
19247
17670
22558
6059
15993
27100
22459
4020
11768
24530
18114
29992
30279
27686
1096
24144
31194
14217
26122
6796
6372
30325
3945
15685
24695
27584
14771
21794
13549
31090
20900
9087
31624
13268
3629
26651
1877
10953
25715
5392
19798
23905
32027
32521
9183
2988
3781
23983
4417
23244
16854
12388
28070
32590
379
23348
23612
25019
24043
4104
24470
29033
25580
22557
3407
6551
3480
20917
9456
3257
12385
30221
3603
23057
3155
31630
457
383
24729
10311
25402
31130
10563
10395
2955
23551
27206
15927
3333
11242
11204
23368
12659
27395
2958
32234
14283
28794
2024
24547
5393
13909
26508
20113
15481
4361
25329
16161
13004
1352
29388
29442
28940
12315
26584
16537
23131
30000
12242
21559
18713
26485
27592
32072
30541
8166
15252
23501
17990
30370
25252
524
10626
21061
10748
24197
14542
370
9085
553
11695
21167
12903
5831
20481
24182
32029
6599
5598
14216
11304
12058
31425
30085
6783
8305
20971
19898
23301
23725
6150
11834
14164
2967
2057
3888
3001
2514
30555
28275
9343
24846
15675
10587
113
4221
10591
10452
7322
14731
19931
5040
11599
1226
8261
31554
26736
21291
13847
13864
17642
3956
8276
23912
21376
13294
10863
8127
5324
22622
104
24373
28800
23607
56
19701
12786
270
14959
30556
11736
2382
26140
32336
30031
12077
19437
25043
14883
2015
27799
7895
18506
9993
26232
3668
14513
5752
24187
15001
16700
30227
28733
7904
17928
22542
26990
1316
4083
11617
21625
30263
19550
22137
5735
28687
14897
11309
9216
22112
10272
5363
4660
20849
10285
31316
1466
3880
7278
12957
17911
6758
273
13016
30497
15515
6045
7418
16292
7569
22394
32350
23749
5516
18356
21106
27269
26005
9724
7601
25288
18963
32496
13521
6070
7067
7068
1085
11618
29193
26688
27589
22185
32208
14419
660
22878
2958
3017
22371
7588
26084
14738
237
19610
2436
9059
4771
16958
24459
22200
18848
22155
29202
16154
1503
16869
20223
19869
25516
8375
3361
14766
2392
23131
10109
16139
32049
28474
8930
32019
6065
29236
12740
23360
26102
12610
19015
5874
4210
20825
25241
24174
6628
24978
18309
7462
2695
10633
16709
23867
23433
14082
31384
25152
14014
28371
24085
24897
24214
9470
23999
31235
21069
29
22745
21902
609
11267
5116
3561
10569
8096
30566
17189
7268
31269
1941
412
10544
15209
19477
23931
21180
23435
6294
26494
864
1498
27713
24315
1707
31473
23372
17698
24477
24102
14028
13699
20246
29222
26315
10193
7823
2265
10907
32485
776
10892
13161
2309
11329
14414
19733
21863
21549
3482
2370
753
25252
25911
8361
27715
31064
1373
32434
21751
31754
30489
11077
31783
26878
19698
1757
14384
5548
15565
3295
32694
9144
4366
4139
1001
16932
13568
9712
16390
3781
24695
12996
8736
11251
9908
19956
12576
24197
27784
28440
21515
18429
2493
6635
7811
4351
6577
31834
18065
6152
16196
13019
10145
30812
24564
9984
30414
32064
6727
15436
3168
21866
31594
16197
26259
6838
14359
19146
18843
538
27835
6055
8420
18396
10457
27239
1438
11266
18857
4970
3705
4875
26630
13623
19629
7900
23943
17682
6718
21501
9451
31186
7550
7941
6586
7405
9683
20051
23337
29141
17850
21503
22078
10119
19980
25616
15158
2144
3713
17136
25124
23603
32626
22557
25306
12442
14563
22816
25612
31625
23232
8387
26035
19497
19047
1663
2736
32227
26983
18996
9650
8634
10631
26653
3417
4575
8715
26882
31644
25471
2610
687
31848
10976
15619
7334
12169
17836
10825
3345
25038
8077
22749
8698
16744
9465
24099
19134
12692
22608
28375
30143
378
15652
27914
30298
2644
3543
5991
1817
30930
28524
15803
15401
17853
6039
7861
31246
8668
6422
21226
17557
22804
19012
26907
31242
28882
31212
6075
20140
1454
26203
10156
7262
11336
10937
31818
23199
22902
5785
23722
21180
5538
9166
25123
25668
32621
32384
12302
28093
24984
21376
22731
11669
24613
22745
5125
12124
185
17576
10806
6448
4677
9773
14701
28024
14309
21793
14159
5333
6921
27466
21595
17493
2258
31822
9331
5098
32447
32709
12440
22811
27272
8593
22006
6650
8522
27762
5664
11350
20965
725
15516
21809
30370
23021
32162
31860
2586
11013
29217
18658
851
3861
5379
14411
23851
30867
9650
2050
11514
32651
5083
401
3187
13298
22642
32682
23243
27192
24566
16225
6430
13852
27126
20889
26126
1988
468
16572
23725
7949
29897
16048
23197
18720
26921
28422
29045
7238
31464
8564
1895
9725
350
4229
27424
16203
25159
30863
24304
31570
5646
6886
24363
25637
16715
335
10191
31194
1930
5559
15718
10208
31566
25125
32046
9363
20309
3310
30840
28430
11550
25896
8014
24384
21673
4960
32344
31811
27006
17040
5121
3304
4336
21835
213
5783
17827
31547
5933
15958
1100
15053
3599
16423
13752
17195
23376
28823
31248
6763
30971
31892
14683
31749
6647
23423
7492
31627
4579
10114
22557
16276
29765
20516
23845
26874
12004
23322
28166
31301
9074
10080
8610
21350
1134
26249
18447
5545
31049
16468
20448
997
19912
21631
4263
13045
12457
3808
7864
7788
17801
433
3119
30085
3589
14892
15156
13401
28192
17240
9597
23893
20452
19234
15637
26346
10829
7599
19036
12678
28514
27377
27472
6596
9637
2680
6154
31456
12461
12683
20619
13677
3346
20344
22457
3658
905
1064
8101
31186
5968
25846
19215
10067
13261
961
26668
24769
23922
27712
18599
4780
27107
2966
6885
4208
859
13863
10381
26796
31564
16297
24136
24053
12357
22910
197
22475
2841
11073
13057
24523
22334
22943
12741
32551
31347
28520
26736
4180
20389
23781
17142
22786
10516
365
24873
81
15794
29491
3895
13634
1483
31074
10100
6507
19179
27756
16730
17392
28413
28830
20942
28846
11952
16121
8357
12217
25375
28733
14183
10505
1712
32326
11603
18544
316
28571
29859
26063
32625
24901
3345
15754
22901
25309
16281
19769
19660
22761
18305
26785
3452
22889
3223
6882
29295
13996
21178
10225
16664
11368
667
16969
23642
25354
28613
18654
23205
15691
16347
8531
18274
9220
22305
620
5009
17475
28222
17094
31152
29598
13633
32710
22751
11975
10209
12495
19267
26209
30473
31416
31656
3602
11156
22397
32362
8666
26197
26164
12693
5539
24922
30531
26699
25369
5745
10449
25958
10683
12012
10106
26975
5426
8354
26439
22383
32226
7222
26845
13811
30656
12444
24308
3605
17251
18392
18443
28329
21853
24841
20570
5717
26571
11175
4105
2293
18987
26633
31135
5181
25454
12586
3261
1952
6734
5036
8460
9073
6114
5661
23924
841
6256
5754
12175
1960
16002
8433
22365
735
7228
9195
23353
11565
26348
9546
30731
9256
2275
23791
25024
31070
1412
22656
26615
5181
25498
3176
21245
27440
4591
30239
3324
22539
31258
13227
27503
2985
13720
13415
11481
25811
6430
26371
32439
11876
2606
2252
8115
2219
21225
31277
29210
529
26660
15478
4752
8956
21949
31965
18179
28915
17711
20675
23005
11522
21093
1848
13694
20832
8908
13248
21481
4687
29356
22103
22205
26180
3256
17588
23400
22856
24548
14539
24471
12190
10102
10389
18928
7078
22880
19219
27396
2817
20173
28305
2687
20214
23290
1064
21666
9236
17479
1158
15348
23833
21390
4594
9012
13587
28083
31626
25489
3269
27516
1487
798
5964
9123
7268
12160
14851
23338
20755
20713
9123
4079
19473
18763
24239
20864
4483
13253
25359
7216
16448
14434
27386
27243
11737
18434
3866
28742
983
21656
28139
13658
16963
22934
25189
211
19308
18598
3546
19396
23780
11931
14625
11710
6604
9383
20724
30624
2641
25038
407
28848
13431
154
13754
27115
12822
19729
31905
7066
26657
12004
7042
294
17198
1001
20015
10029
7475
32459
31476
8149
12430
24065
24003
4449
15433
3836
28302
4866
15771
4517
1781
19439
25266
12294
2849
2231
6831
24135
6640
15062
26355
22237
2130
5767
20889
18174
11251
17114
11587
8024
14618
20486
538
23810
14289
26624
19472
24243
21574
27981
28265
6706
3697
31764
121
17933
3319
375
22447
19342
5966
23843
29394
5355
31522
16678
10891
3005
24824
17410
19236
23475
21522
22783
31631
19848
402
8901
5546
20018
29410
21545
21441
30301
18258
4936
30548
9751
12547
4818
19739
2253
14597
21929
12872
5494
3772
20651
32524
24334
26248
24267
31324
18758
11172
15207
15093
30074
2383
30422
6558
31715
3882
6464
6317
17678
29922
26546
25804
6028
16654
32625
21245
11756
22363
15247
32732
26854
12774
6333
29732
29145
18921
2912
29301
24952
29594
31719
21077
16063
12624
23899
3188
27181
16872
4663
23604
18733
28263
4987
6760
17877
23264
3580
13660
30418
24217
27134
27159
931
10089
28932
8924
6406
11364
1511
7927
432
13243
8998
18358
14145
28637
4989
22197
32631
30690
6329
12638
27042
7978
29898
7601
16472
28737
2330
13377
17257
20230
29
13183
15893
1549
13610
6203
19837
17217
20105
8040
27480
18382
15821
5408
4327
20286
6755
5352
1579
29153
2668
7988
12629
1651
11720
10286
31358
18169
16243
947
6040
15596
24853
21150
21669
14489
17620
21834
11303
22472
10605
18258
17367
24476
23683
10395
8601
28090
14135
6037
11440
17581
18680
8381
20270
14218
9372
10087
19375
30927
944
19386
6983
20625
13325
29180
26553
32215
940
20240
30186
18241
7868
7740
5269
32493
5105
25648
25407
32154
29470
25412
1390
22798
14854
9474
5654
22966
880
15588
28500
29581
11385
10334
6750
17982
25646
28703
31675
26765
22874
28309
4015
755
31389
24495
19194
32136
31934
7654
29634
17703
6978
12414
1741
27596
18238
3849
31987
10304
14441
15918
1235
30969
5237
10664
1222
28219
8352
24465
30993
24452
12678
4321
607
4135
19769
31538
14446
1847
13203
8134
5384
7846
16587
27594
2869
3502
24135
13788
7855
29296
30129
13516
3990
7900
6733
21407
28261
11472
23690
1754
11301
7556
31703
1789
31456
2085
27319
5197
4697
7104
22808
10198
11514
30818
14561
13745
20750
9086
28874
25731
14896
7054
12656
24134
30467
20221
8361
7756
3876
31301
20244
24704
17757
12629
11253
5616
18972
6197
27456
648
29219
3820
4596
26656
17792
21666
7338
25274
31424
26114
29806
23044
12896
6882
9677
11301
1668
18214
3631
30133
17131
25313
29544
6925
22819
32190
14729
30402
25849
415
11004
20844
21812
2179
1744
1708
3203
18861
18769
31597
3763
25091
25308
18793
3621
31668
20721
17391
28032
6429
19850
14820
2467
1774
2219
6409
24542
14728
8251
22139
25697
6570
18962
16512
7412
1101
25683
7552
21481
460
24572
15442
30543
30792
14779
22970
30825
23883
29956
32559
16223
10923
19808
16097
1842
6834
4616
28922
13813
28539
24498
22052
1339
18847
11435
17228
3788
21010
23334
15014
4508
15175
17876
5618
765
23963
31412
9725
16403
29424
6189
27498
29576
13720
90
19634
898
26230
22181
28010
7122
32351
31639
2757
10351
3782
31470
345
21538
5529
8176
24614
24450
18534
9216
11476
25635
6850
11119
15676
22539
1003
1172
18986
25957
18348
23839
8033
27258
18049
25002
3296
13788
6396
31633
32100
21220
31335
8452
22062
31327
18091
27482
1030
31621
3953
26536
22912
12587
3206
21907
8830
22329
27524
18530
4342
21597
17071
24152
26358
19457
11037
576
485
3195
17946
27465
11019
11652
12746
20244
20820
29420
12560
31244
4176
18316
2735
16886
10367
25723
25519
1736
19660
30853
6403
13759
26967
25560
23656
684
18295
23553
6288
19343
13056
3095
24704
23142
1217
1334
28215
31047
13905
4911
29840
3245
25356
18814
18537
10256
23128
23677
9477
20664
10029
6871
4015
25298
12500
6974
7840
19652
22766
29281
10019
5310
15033
1304
5879
23697
28559
19170
31989
22469
31919
5266
1266
26597
20032
11077
27367
21278
25491
23447
10576
18697
4265
16663
26321
10692
30965
26104
26399
17223
10082
2825
798
30965
26520
11239
27719
2418
17531
4976
16205
26293
20469
5244
10752
21598
6134
15048
10353
16457
27833
2099
7511
2403
23624
4653
18865
10428
1858
4972
26541
28894
13020
17888
27849
22366
15398
6378
14136
31920
20624
6089
10887
26175
4012
5205
32640
7869
31285
27119
19279
12472
21073
27832
483
12143
20755
22785
30615
16867
21828
22275
9746
25649
28515
26320
14443
21278
28394
18570
8849
22004
21715
13523
18411
23181
20315
31108
30011
6061
8966
20130
12744
10645
9443
30606
11196
23764
10769
1147
17355
7009
4226
18469
31765
12263
17663
21953
20046
21344
27244
6959
11548
14565
1614
27511
13504
3012
22154
3443
20217
5076
13423
8905
20005
29701
10487
31517
17322
14139
5706
10116
5524
8029
6788
25147
6016
27304
4024
7833
10936
842
19765
21826
10655
19756
3592
24734
8784
1551
8386
32137
9346
27610
17531
17484
9903
7474
22294
11724
18037
26700
14535
30978
26684
31743
2259
1195
31257
12062
8087
28993
24050
20996
27084
7977
16099
15984
2313
23854
21985
6548
23945
23342
24989
31848
23855
13587
21931
30276
23495
10757
1252
7598
10383
21471
19209
9073
9462
29407
31145
7151
14499
8609
3140
29367
18105
1358
26544
15450
2138
19985
10428
23163
28778
7114
17940
9766
31893
6919
2404
5219
6035
28208
9152
2314
28842
14081
24900
19416
27765
21565
16375
21443
4837
10145
28149
23691
7813
30743
29390
31378
4354
17453
2089
8429
28906
6341
26029
19899
5300
16398
1057
20661
7937
23731
7121
24583
4129
17746
25140
28511
4313
13359
19149
32067
23139
7978
20303
19111
24503
19438
772
12479
7177
29804
30063
2322
10899
3976
10289
23504
2964
4625
7209
18533
15001
15351
14815
23630
31227
17848
6435
19499
30633
540
27633
17174
12071
18466
4248
15412
11479
14650
3867
6793
5752
14260
1496
29457
7404
8569
18791
15628
15166
8953
15301
23705
26339
13924
7858
15238
5440
8989
25943
25703
14957
4460
18732
21477
9529
1651
9753
29785
23662
23651
25052
30618
24918
2799
25258
786
31613
21505
22809
25112
29113
10412
24893
12922
21608
23139
16145
16216
15609
27752
14873
32313
9902
6534
23622
25176
17567
25091
6170
31295
30979
13777
6668
2967
20907
3844
18734
8511
11727
4233
15117
16283
28941
32020
7897
13103
26543
6746
25542
11628
16429
21633
7857
9161
15858
13780
29447
9494
2403
1724
739
6413
16670
10731
10870
7723
12415
2267
2732
31166
20329
9335
9996
20030
28483
7704
6881
3040
14656
19634
10647
20329
25060
12880
11879
9024
13764
26045
12087
22216
25485
17540
5819
24556
10055
283
23009
31484
15067
24924
3180
31927
12243
16692
10462
2729
5730
11679
3996
11703
5540
11220
333
29432
22822
188
6275
3782
30633
3241
1693
13845
14115
3909
6124
8708
20999
26569
17172
29106
8646
9583
18357
24147
21142
31785
8267
30083
1138
29075
19283
19929
32098
22054
12208
27072
20732
24239
8268
15490
8491
29184
17154
1446
23599
32486
24252
30332
7141
28251
21720
22006
2633
1532
18897
5817
28473
20157
16667
4980
19324
21467
12366
25969
9474
19986
19847
2410
26733
3857
7435
18077
977
16683
558
3106
7864
20303
22388
14461
4970
2362
20981
32624
3435
22507
13318
25107
28996
5719
4885
27942
29062
25183
13525
12709
29965
31231
18332
11165
12930
30920
31241
2879
9507
2448
13801
5170
16071
24680
603
1838
31516
4302
20787
18887
14388
5156
15261
16518
30784
5217
29187
3902
28827
20231
25392
13213
2570
9301
24245
11778
13890
9917
13963
11406
16042
16024
9211
27774
28771
13849
29627
17848
18822
16767
15706
5283
2988
22415
10717
30268
22452
28226
3499
2663
14016
28603
22950
12418
13441
31611
10139
29248
28341
18392
26076
4277
15853
14251
26155
26541
23444
30794
21466
6978
10541
15286
21809
17326
31964
25365
23568
2909
5928
11618
27093
29511
9727
15971
19072
12668
30970
4571
2838
24064
19171
12034
12099
25050
17525
12338
27202
23656
7266
29411
24322
29429
30875
985
11137
16013
29899
7068
17276
19472
29220
16169
24139
25222
5215
22759
31751
946
4094
24028
17901
23274
11733
21281
19975
3622
10184
18323
29193
9558
17110
5580
25977
31737
19031
594
10002
28907
20609
2573
25963
18558
22577
29951
5844
29901
19433
303
18560
14413
26132
14822
26858
22181
28306
20254
4465
18368
29040
312
4933
8480
21239
29933
19335
10613
25833
903
684
19054
24839
23377
23331
21711
27862
1100
4919
19140
2723
7459
7734
9332
7109
25697
22739
17114
22562
25058
23753
1232
24309
17543
14273
12909
17614
18478
2422
12945
17114
14306
19735
16062
27492
24654
20973
2346
1948
1656
10045
2322
663
13996
32624
24912
1432
32693
20081
5424
10638
28244
10071
32640
25053
23786
7492
16358
1121
27512
11148
4727
4784
13257
26906
17796
10400
3566
2832
16823
13322
30955
31406
22623
22989
31664
629
19465
11285
4683
22156
18256
5597
31579
31842
13814
8114
31176
21909
13363
29114
24241
21011
2124
14070
28582
3455
23144
17860
32024
23510
7840
12712
15629
2386
25941
10827
15896
20878
1478
19396
1673
20972
22241
17431
13281
31540
27226
29179
11913
18045
32251
24801
17859
12625
5947
17969
18400
17676
32017
25559
27316
11653
1034
29694
6215
8944
24730
539
29645
11011
29615
21806
10968
30040
17804
20293
26317
22291
8917
26177
29332
10692
4070
6620
26772
4495
1641
2795
31967
28298
12584
6113
14249
32102
6687
8853
13311
27474
32470
25413
14006
24860
16110
27866
12705
18841
6393
18029
1799
22344
10639
15883
8531
3378
24734
22709
13070
20244
24833
939
13067
15552
32340
27371
26849
23745
19719
6388
7582
23102
30898
17359
17594
23073
21672
27472
12618
11127
23247
11418
11126
22298
3247
28385
31277
21134
27336
19828
13592
23082
30249
25338
29388
13944
28734
23035
10051
28894
19690
26275
18061
15229
2773
3523
32707
4185
26120
23833
9277
19386
6327
30929
3844
17875
7773
8779
8330
12194
11535
7199
8857
14103
22793
3935
10378
13944
5774
22044
16311
29444
3567
20267
1075
11991
30185
7976
28088
4621
26675
700
26848
12074
25688
5660
4248
9914
29891
13778
7122
11828
10776
23744
21371
32292
24779
9058
9389
27529
1259
17491
8997
12412
18494
18963
4087
10259
32403
18951
14464
389
5204
20673
16797
11919
21339
25474
13082
4374
27142
15101
22382
11277
26766
7006
17317
23449
10388
28043
7069
22643
21245
32170
26229
2703
30720
739
1859
28411
28029
21607
11781
5385
26513
28593
21723
30384
32615
13324
7539
12336
7249
30549
8900
23285
29463
22530
4863
4030
3983
28771
9666
21502
7277
20264
17039
30338
23901
22820
27518
8021
3919
30800
16430
5857
8978
15379
11521
2134
1573
20160
6793
17232
28106
25697
12605
16564
22619
1715
1393
28378
14561
25201
16261
2290
227
31189
5212
32160
31868
24669
8719
10474
13488
25547
1251
25940
19456
18031
14457
14409
2364
28328
6469
7613
1177
12201
6721
14097
11012
3961
739
24887
2997
11837
18764
30230
9222
12986
23746
15664
7558
24598
29792
20354
12873
14558
13836
29355
11139
21326
18858
12113
11861
17100
11407
9921
19175
15029
22841
27605
439
20060
5949
25371
13105
29264
1920
28211
11647
8926
16554
26233
19618
21463
4056
10981
24770
3476
12690
17711
20162
23350
5884
27190
7960
28210
2896
22946
28380
6926
19851
24776
30494
4965
29287
1231
7805
305
8842
6161
18677
26442
2301
16068
23033
27433
1503
9946
7362
27634
31067
30501
1766
2738
15063
14783
2348
2020
4206
17833
25247
6715
15009
27570
10721
8859
26697
27291
194
24936
9936
28280
9745
4356
8865
8025
22963
2451
19421
810
18161
20994
13136
14040
26902
16967
13219
17078
7738
6890
15059
3614
23641
13764
18402
13915
15528
13319
28876
19654
20776
19838
1212
16432
30843
9494
7808
30080
9207
18078
15162
21405
17401
12747
10585
18063
20091
5759
25544
32225
5097
9802
11621
27209
22065
7986
181
16011
22042
29615
10198
30618
19158
13306
4277
12288
30682
7303
12673
17025
21741
28112
4447
32763
31871
29013
18783
31889
21565
20449
4526
14344
9186
7438
12046
9585
3664
15371
21636
22025
8415
413
19792
19293
27893
14180
802
13490
24535
25696
13451
7075
19646
32436
28594
17420
23854
27305
9544
17191
23427
27381
26558
4597
3021
26174
10933
7904
1757
9690
5814
8862
19360
29145
17699
15448
31404
11845
30829
6412
28697
23976
9352
10800
12178
11471
23452
12184
22187
27598
29438
6297
2421
6212
29790
111
3409
23776
12098
18908
1537
10788
32435
7698
2309
19561
5941
21203
31524
8996
28925
31703
27721
23911
8799
11118
26000
24491
16006
9830
23969
14028
3175
3887
18237
15445
10743
19517
28182
20478
28572
11694
5604
19059
10210
5677
4021
3415
28528
11030
14724
21641
20794
20442
7182
11430
29432
28838
6881
13007
26070
24639
27318
428
28525
19761
16896
28592
24306
4648
30661
671
17069
26014
1197
15438
4525
11446
6745
9387
7611
30056
17653
13564
24972
23519
19217
2156
32571
24351
16300
30147
758
26859
31378
30325
15863
3302
27369
32478
19893
17144
30726
11212
9052
8435
25733
26942
8059
22391
26520
30315
5629
30227
28831
27398
20059
15020
18681
8641
21520
28707
2074
11280
11084
8242
3550
13103
15852
7319
30493
27238
5290
9077
16512
30348
12433
8951
2963
28362
6325
24630
14875
23201
28704
1373
21417
20782
10255
23307
26991
7597
8799
12536
27731
3389
22594
14812
10562
18914
22838
24204
24519
26320
13880
19558
9948
487
11572
17136
5120
7802
10433
25788
22665
7508
26635
3983
18748
30205
25360
32705
1051
5433
16144
17127
10366
1234
26430
15792
21861
16535
7612
18701
25101
23717
6342
10901
1217
24805
46
27687
23539
32214
24328
22225
3467
32397
23974
5360
28799
7162
22471
16281
29860
5484
8971
23352
15556
12887
6570
1911
7920
4438
15718
26210
32535
26732
1726
32456
14296
6799
13413
7652
1429
18023
12018
31804
10185
12883
21721
10698
11419
14765
17050
1370
6835
8015
27448
17203
27980
26965
5357
18169
5770
10789
3612
21714
31758
23213
11911
24008
8649
10732
30914
27503
30477
26036
28648
28359
31210
24750
30092
30307
9399
31134
17394
4043
23023
10216
22655
22560
16959
12628
25199
32766
20700
27918
2502
18086
25114
14321
8841
12381
10299
32260
8237
31759
23172
32069
23888
7224
23191
9638
2983
14085
17404
14934
24632
29110
6657
6209
20425
2886
1988
17882
28568
2638
26254
12312
20044
551
32354
14526
22828
13134
13526
31200
8591
2829
7714
25251
5779
18008
9335
4420
1810
15350
14738
3676
32722
4577
18064
19810
23036
25070
19972
5745
3536
4528
29767
15691
7574
24986
25103
18847
11480
30565
13635
29831
6094
26545
29710
8021
7962
751
13875
10127
31670
27006
30880
15416
28458
11028
20293
6225
9218
30048
26918
18080
29311
5614
6831
21168
23949
21322
25160
2841
23541
24936
6954
14593
16852
30019
21105
28899
24140
15301
29298
24720
8569
14311
14414
15987
24230
19481
10184
15896
32449
29412
29011
11760
14093
27342
32367
8782
6167
22910
6198
20918
2283
10784
23602
1623
647
11019
29554
18646
8080
11937
16349
10317
21572
13175
29638
17300
25264
22455
18368
30655
24355
7106
17075
22503
22754
14361
18479
21038
31517
2685
24833
9725
14882
24149
29188
3984
24785
5201
21818
19637
4688
27981
2331
24272
5120
31864
27181
11811
29615
1205
10965
29260
24079
17729
32109
1039
14694
31126
9366
31830
22664
4240
24016
17526
23043
24271
23112
31668
1945
20572
14832
22024
18931
23951
15573
22561
1171
18224
7854
5288
28171
24028
20656
20169
14444
22698
1450
9712
7682
32527
17485
11984
9790
10751
29643
7594
14068
24661
5797
26060
17863
4725
10173
29272
15841
14640
19891
23622
28135
23528
22638
16812
4651
16884
15609
8765
20260
21317
913
25872
12316
27722
23548
27556
32297
10514
19484
22048
862
27569
11459
23775
3650
8676
26825
25387
18817
3576
12892
10057
15330
5863
8856
13239
1145
25541
30551
30129
10014
18010
25419
7417
32030
14609
9290
10456
7728
29713
21480
18016
21930
23977
9803
25589
30708
23025
2875
7692
11325
15790
25977
26929
32366
26743
19538
7503
19804
18966
2931
17964
26946
22321
21759
23859
30318
12586
23007
20598
26682
1347
15450
31475
10302
26374
4325
29206
15812
10724
24892
19584
2428
32284
26033
17927
26994
21726
26820
25854
22844
20400
2293
1206
25208
16146
19670
26948
29046
29789
15716
16517
25137
27377
31383
13408
22916
3215
32312
29259
16026
5380
243
19473
26791
22792
13741
21970
21717
29797
20248
9547
30850
9052
900
5719
936
19268
760
14518
10140
30324
4993
19214
13820
18275
18378
26415
11234
9998
1005
17307
32094
12954
17545
11846
13604
11323
23573
9370
15489
29524
6771
11454
24468
18400
4808
21528
25018
23824
29580
30481
13898
32565
9437
13848
12675
20705
8473
15337
17858
25417
15275
14607
8440
11758
18981
14503
15964
10621
25488
12904
16477
4595
10751
32224
9947
5124
21099
2816
13718
27070
24250
987
7911
10858
15905
15275
18094
20915
18348
3861
12683
16906
17179
6574
29777
17992
29680
25789
14263
22165
23238
29507
9297
9353
8420
20280
19135
12946
25106
31768
23589
31382
18604
29342
18139
26585
12276
2511
2917
10272
16556
28987
23973
6167
15333
8320
26191
20208
26642
24591
14494
3405
21600
20275
20549
4960
26186
2895
11177
8784
25959
23655
22093
11487
31111
2785
30605
31563
20223
17037
14736
18033
21825
9956
7288
3640
19376
31885
2523
12077
4274
3110
15479
31595
26374
8768
20513
23230
9560
20651
3583
13832
1042
21749
18679
12771
32118
18477
24167
31879
29674
31724
12055
13039
4754
10391
9324
8503
7204
20702
5598
25161
7160
32392
8875
8888
11615
15475
21453
2796
19766
29142
6698
5248
27067
714
32012
20200
9375
23049
3280
22359
31580
16373
28130
2015
18888
8924
4073
8667
23274
13434
25918
30602
31757
191
11939
22780
17940
25043
12082
18482
4365
30040
23699
14465
17929
30447
24434
23863
810
9213
30768
19329
17917
3247
7129
29580
4106
30267
23895
13547
14762
12905
30437
4665
26393
4179
1990
18431
21452
19048
23094
19159
26629
5559
17825
28882
19620
13931
275
18968
28992
15761
31216
27854
14454
21538
741
14397
16001
14141
28446
21296
28171
18868
28089
27037
22339
24266
14715
28040
32048
8763
28866
24357
3397
16765
10683
24637
13621
14918
5845
5842
2825
29262
20342
8966
15215
31830
4332
11321
29269
11881
2982
18802
12726
28002
4260
18688
2740
20910
13100
7009
27880
2387
12991
25954
32758
6961
16715
32136
15204
28552
31138
22703
12460
16827
6699
10737
15247
24404
22487
14793
3245
22599
23895
14456
16979
1147
19085
4008
916
646
18496
30544
20891
5049
1043
20951
831
31068
10424
4988
7896
14138
9825
14581
1617
24417
24439
4438
10623
19235
3471
24373
12977
25952
29338
5388
24969
27144
10843
12510
2058
16091
12319
31518
24049
18803
27816
11468
7753
26245
24682
16609
9018
26212
15866
29933
29730
12998
2243
15615
31207
459
3067
11973
19851
14907
15829
10228
21760
27919
25336
13290
8766
2100
1585
29843
18580
9867
6244
4745
7227
8500
19657
30847
4145
17932
1364
24031
9796
22388
25461
25778
9581
14677
20738
20161
2656
28513
5490
3577
26209
20635
19275
13332
8281
5145
18909
1398
19497
6920
22321
13141
3134
7154
13885
285
12646
4924
25945
22803
3298
7411
8439
5176
10428
7112
32398
31088
23131
20824
13271
14307
25428
19377
24124
24740
5251
19474
24206
9105
10075
2803
7414
21370
16762
32069
18734
30085
22144
32507
27376
24528
23586
1737
22191
11097
1146
18220
23174
32027
29345
24746
14190
27258
7552
2395
15027
31969
21731
19880
2985
6314
7375
20051
411
19262
21270
8120
5636
17533
21288
11858
18177
32608
3116
19584
32263
24028
15696
19849
20177
15370
19549
20958
8861
16006
27278
10400
9112
24597
31650
27234
31895
650
29488
12592
16647
1770
7227
4560
4391
12494
32518
14919
20085
22793
22825
22944
29797
13195
23525
13544
26969
11397
9397
3453
23502
8398
9253
15497
32723
30086
26343
10185
16576
21241
29988
29587
15140
1733
15376
5655
4863
20800
13761
12261
31282
8724
17217
19887
31539
2092
27874
30544
23557
22740
31953
12302
11624
21019
10222
19484
23117
15484
14555
16227
19340
20414
29011
18819
29657
24345
5566
8980
22517
4250
22274
4145
26401
9161
3739
31799
14296
2952
238
714
31933
24382
6618
2585
17875
26421
22417
21091
25068
18497
22438
7867
29796
4771
14951
23304
4878
14380
20588
25423
111
11686
18032
20533
22058
15215
17248
27839
13244
16743
11442
14685
17769
29196
1272
8231
14198
18660
6325
15974
27033
16412
28015
26454
30382
2414
9989
17450
25771
20040
22339
13649
4310
15146
27572
22776
11318
23119
11703
23248
23623
401
2261
28945
21490
22407
2898
10943
30907
13296
21762
29484
26685
24404
26718
28350
29139
30184
4567
5362
22681
29107
22891
11169
29075
8175
12917
1922
29227
1458
24009
13809
737
30669
12800
29678
27198
27124
15889
5737
25609
14624
31266
18365
30910
30002
31389
15994
26940
28121
22917
20839
702
1717
18955
3271
28428
5821
2652
11484
21747
22238
10174
8618
23794
9188
18651
32765
28214
6046
29276
941
14281
15677
31162
1825
23046
25854
6737
5138
17488
23305
24759
29073
6915
1432
24651
21324
14763
11867
26385
3597
9588
31516
9149
30083
994
22943
29197
18245
27074
25292
16732
18196
5729
30991
18805
28768
28411
9728
421
24846
20086
31551
3604
24953
32080
31394
5972
11703
26071
18835
16443
25629
22680
13235
11758
15621
29977
16580
22079
28622
2763
25029
2105
26917
1594
31070
25336
13955
16007
17279
11967
19191
14104
24645
19524
294
10638
1565
11854
32400
27639
7979
4482
23573
1861
21997
26234
14263
4608
21787
8728
5025
9015
16082
26650
9833
29116
7922
17390
146
29585
23749
25543
11093
4509
28641
2544
9376
17315
23631
10337
23648
10357
14828
23184
5884
28261
19216
12681
22817
8189
26222
1601
16581
10480
14395
17959
28518
10063
7827
28157
27027
23808
9496
9958
4014
21869
25564
14784
5104
4985
17793
19635
4525
23480
30878
7946
10714
28383
4197
14146
18636
18553
6275
14177
31042
13788
8264
19338
26790
22876
264
26317
144
28094
25537
16963
14732
24048
18941
21083
2845
1271
7674
9839
7426
10792
3593
26267
7607
3483
14132
25550
25151
6365
25379
28193
13089
2021
23873
25960
27313
7753
8986
14343
18576
15538
29703
17416
7798
27278
1038
20074
14895
10244
22020
1211
12516
7213
244
15593
28572
29569
25797
26453
13570
655
4630
26409
22633
242
26989
17644
525
28800
13713
28499
14492
1220
17716
32346
26613
7855
18389
11412
17711
12426
29157
31423
13277
7727
11305
12700
4240
28025
21087
13822
1182
23289
17700
25376
18210
9962
21269
24379
28484
11879
15669
7768
15291
9436
23183
1891
29584
443
7964
28546
17444
30320
2534
24485
16500
150
15982
22621
26012
27755
19787
2033
18586
23425
28693
9903
20821
9143
15489
28032
9950
6760
4813
23231
12533
8162
19295
14667
21199
32538
26537
7643
17174
30110
19023
20114
9522
30666
14988
18644
18375
1343
14034
22871
11390
8593
23216
31357
15625
17728
23545
27873
20833
23274
25379
15919
27474
7358
17133
12858
19258
26164
21316
16968
16910
19963
29544
9904
25757
7219
30539
7848
1049
28893
1082
27224
4051
11920
8382
11059
17478
32109
31685
7814
19287
31317
12029
26193
12763
26201
129
21591
22106
27249
26551
27505
13586
17265
22904
2855
13631
27194
8050
31105
23450
3117
16075
16155
1568
26598
12807
2424
5396
25126
31276
1944
9543
26384
19236
29901
16279
27545
22370
17866
8630
9018
32457
11261
1069
15847
25801
25375
416
16965
12747
32009
851
22552
975
8137
22253
5882
21075
27125
20860
11603
18807
28991
9146
29573
24672
3914
17295
16231
11994
28860
3798
3061
17985
6805
2916
18758
4513
22975
26694
26814
284
20709
9291
31108
1164
6281
32195
26934
6506
9553
3973
15580
28655
26786
16183
22043
27512
24432
24777
6316
559
853
13123
1036
16360
20960
6849
5492
28745
24111
15291
1547
13358
8384
23434
14683
1611
31108
10792
28673
29460
6197
22840
4777
2009
16106
9286
10554
15670
4841
11855
21070
24746
28604
22660
20197
16774
28807
30283
30298
9481
9112
647
9878
17865
7232
14873
1155
25172
22241
16295
8387
7960
9033
11419
21667
16256
2366
13167
27466
31328
23386
14121
27447
28051
27674
31777
5098
29923
6449
22026
25568
26664
8482
30512
15045
1204
30477
17663
27622
1519
2249
21957
21733
12607
11060
31673
19632
22827
8391
315
32435
7103
28270
31325
1613
24626
29334
20387
24193
22470
29319
26119
31215
1520
4596
2112
5890
5049
26832
30020
9322
29284
11108
14348
18893
4433
6303
11415
26809
11041
8877
22065
10718
28187
1483
27381
27258
974
16729
14481
7700
15352
10032
17993
30829
24231
30007
22591
29620
27038
11569
14321
1785
15610
7897
26115
8420
31510
22577
6463
15015
8107
28695
11994
5937
4668
24345
28664
676
14257
23178
20595
9738
18242
26069
2776
17220
26262
3602
15795
27970
20780
983
28173
4218
3835
1873
4914
24466
32341
23187
4024
30816
13585
11821
15292
21781
31977
15361
25711
23989
28449
1106
25810
11723
29546
24862
15293
25178
9733
25518
17190
1046
26923
12395
27808
25044
9645
19699
10018
28480
32472
5228
21002
31694
32155
17945
24929
22003
30444
25130
5985
11924
12647
18649
30516
20671
3640
20402
21759
409
14652
16690
10015
7319
9315
31380
31923
16369
21081
7144
15706
7508
13413
32357
5694
17112
8081
25856
14417
28721
7435
6974
19414
19497
6603
30278
15652
3662
14710
27706
18086
28903
20610
13767
23591
32557
18844
11771
23372
5048
31302
25687
9570
6968
10949
5414
1626
28517
21818
31757
3346
24121
24591
13538
14551
12636
22420
7873
8231
18912
27370
30045
29883
9262
12321
5269
2245
22592
29597
6728
14710
27153
5822
23145
25283
32338
16832
22870
16489
18271
27871
16485
24622
15985
1215
192
2410
32021
11788
6260
15815
19165
27741
11716
14149
13141
12383
29891
1921
14392
4399
4898
15414
29668
13575
30278
11524
16396
11549
20381
22128
13485
18632
11059
26157
4931
9189
21632
23706
29244
29817
32133
26507
15533
23448
23575
23116
23108
15749
12666
26339
4990
25882
28721
31894
1561
30314
29717
28589
15821
29862
165
20089
17719
24381
31133
1941
17174
10823
2506
17772
30649
5668
11292
8955
11960
10848
19197
7641
30947
22490
27105
26996
17016
1574
3358
1949
6553
4143
21503
19015
14588
29729
30995
8843
10981
14982
11467
24816
6225
22703
32324
19178
6260
4693
18018
10656
5222
7808
18718
13810
4890
5032
289
1467
399
24346
18833
24147
19274
19358
23083
4185
22275
23383
18834
16559
15263
30954
2534
17093
16734
17379
5017
26651
854
31828
12926
26881
17696
20926
10531
19106
20689
6453
7777
26176
28971
11968
2353
30145
23573
1535
3777
18795
8521
11792
1736
2796
29005
19634
6678
12701
20644
21675
12143
3079
2885
31592
6809
679
31820
12772
16820
30702
32240
9419
11466
27020
5557
2014
13223
14062
12514
12441
15851
12549
1334
17427
18781
22346
27095
31783
10882
26111
15499
18385
15215
6583
10026
19162
27867
19480
22868
184
28024
19936
2655
1712
23428
8742
22419
20797
13466
32483
21146
20661
30671
14000
21554
18730
11770
28625
26405
24974
19539
19571
24443
11803
9536
26674
29166
14834
23403
20190
24478
21507
2840
20607
2566
9004
7606
22166
815
17829
31667
7846
28195
32667
4245
32243
17317
15643
21831
4746
20255
27442
21680
1409
30684
27731
24202
17024
10871
11256
23666
18561
30356
5516
32059
30675
13517
29321
10888
357
18672
29662
31898
23361
21607
27283
8294
24151
27895
29615
25579
29052
11182
7002
23746
26034
10262
15167
23799
26538
13231
6196
10775
10887
27036
797
10890
12261
26269
269
32035
20762
15677
16047
12022
28091
31309
21221
874
25443
19856
5294
655
12975
10936
2125
16817
30093
30353
10152
6701
2743
5245
2542
17027
6778
26656
11900
32173
22716
8028
28418
21679
10301
22656
23777
3696
797
30908
3544
22984
19615
18137
7136
24026
28716
7718
23636
9380
29083
19894
4693
5076
21167
30664
8301
26589
29153
1415
32114
25931
18016
756
28846
13395
7511
30496
22844
6831
15470
3230
1205
1961
3475
7736
22797
9845
14330
31713
21943
27331
19042
31723
12304
19349
23195
11386
3834
8270
15941
14649
10695
21516
16602
22859
20058
25400
31471
22917
4744
22364
11958
5850
13508
13620
19912
32022
28668
4359
3105
24016
18110
15671
9324
13209
2463
18200
12674
9594
7389
13822
16685
24222
16707
16538
1073
3659
25677
27782
16269
9239
15245
19486
25342
7256
12109
20114
26821
28892
22646
22073
25258
474
5553
2344
22593
2857
31691
4100
23148
31152
9566
14100
28705
13598
9646
9626
16493
12763
8913
8036
7609
24382
23315
1182
22093
17920
6552
1002
28178
27376
24131
12979
9628
18921
15575
32701
29287
32001
14172
13313
19553
25604
6085
30137
29865
24609
3279
439
6551
30690
3628
3834
31740
30562
19425
4227
31147
24762
11501
18789
8504
16572
8491
26396
13055
15332
19065
5663
13160
26507
16666
17593
29290
17246
30553
2068
11342
26383
111
22423
10166
14410
16039
4721
29917
15595
15552
886
12832
23918
13971
22315
31166
11174
5366
14364
23772
434
24799
1398
4044
3374
29133
22481
11150
6822
23395
18510
10391
13648
24150
11746
30418
28410
24714
17649
22245
25665
12408
29983
22709
20740
6099
10595
9004
18712
363
28253
26938
26941
13905
19177
12313
5201
30268
1780
19158
4292
28459
21646
12045
6732
22604
3905
1780
15322
13341
1441
9370
1484
32209
293
14961
29796
17909
53
32011
6777
595
22148
4641
25708
5399
10144
28889
1886
20272
28616
5960
28832
29177
3837
14646
18795
29721
2651
19490
25298
3496
30634
5254
7668
20371
18225
6237
9334
19009
24522
6881
1329
1910
16700
1433
2343
23416
8388
25235
21692
20849
13301
19439
10531
14101
7619
29853
23062
2948
12762
11878
19402
21874
564
4401
3362
9349
27370
10111
25123
16894
4170
17465
21160
21660
811
26027
4438
31677
32637
18896
20179
9671
31012
6096
19763
9670
27399
17095
18355
19543
7267
2504
682
1988
20582
14626
6076
20336
5113
4321
21073
24182
7645
29848
12357
397
29945
18526
23266
31791
20722
7959
11275
18682
26877
7669
5049
14678
9457
14654
29100
14424
25761
11855
14170
13542
20840
24289
26156
30492
28165
29067
15849
25839
22697
23432
12146
31248
29519
14267
26545
30483
26188
3824
1740
3025
12583
30053
22430
267
15786
8585
7015
9552
10553
24579
15810
288
14435
2294
1240
5713
10423
23171
4564
11954
21721
23696
17815
32239
24277
12744
23980
6836
21682
31203
23934
4885
843
10536
6088
8238
27482
31024
27726
15622
3286
22252
3531
9402
31871
29162
25642
31703
30647
20691
24312
10503
27283
3897
19482
8432
7218
10383
1723
10585
30029
29817
4745
22414
5392
14407
30497
19974
10280
29115
28615
32068
13854
16147
17243
27643
22755
2115
22664
19061
4780
19843
23103
21813
13823
16137
100
19164
5134
536
20679
31049
25925
18233
27733
9732
8223
5577
15504
21981
12861
28851
5436
14288
20409
14463
7771
14124
19640
28300
6748
30965
13630
15769
23696
18566
5959
27530
989
14202
13075
6249
19894
29901
1473
28332
5450
7999
25119
10422
21244
5881
3009
4000
12308
4723
2128
22328
692
31381
6949
31562
17933
21021
7958
543
25298
11328
12944
18500
23533
30356
27111
14732
13170
6701
31721
7000
7121
14342
7353
19478
18767
1187
31451
7176
30647
1781
4747
9031
30796
15998
19283
14599
23555
29878
5084
28700
3567
15788
28677
15550
29181
27632
11570
10121
23521
31665
12518
12743
29264
14627
5525
20210
21104
9763
2483
6005
1933
25374
9489
6323
11021
7983
10345
26186
16550
21383
23352
20633
8910
19986
31691
25728
4979
20312
30109
6246
17645
16289
20960
19073
28465
16220
5722
29777
17735
5825
1650
14190
24318
18614
31371
10116
27358
19695
16784
30108
15454
13658
16592
24733
2647
17082
17933
3858
29113
11409
16335
13869
4221
8260
20478
12812
19674
15226
27824
29500
7356
1477
832
25980
24946
11652
20896
13251
11174
3080
27120
3460
31635
13557
5199
20784
20850
5355
753
16381
8757
25446
3185
7910
1144
27619
24681
26866
10677
29253
27201
30394
30647
13942
22084
16165
22097
23377
27897
5495
1359
13504
14512
2186
3757
16673
10587
18266
10503
20975
10911
11976
7761
10142
24619
25751
2760
1222
31817
9147
2088
31876
25778
7635
6432
30
6567
5620
26883
28645
4925
6312
13248
13152
2297
30006
27156
7334
22428
23588
26110
6924
31040
18171
17268
256
17316
3402
12628
24885
24773
19181
20125
18177
13742
31631
26591
19971
11152
28526
10480
23816
3861
32094
5857
2095
31218
5649
26160
24140
31420
7317
319
9611
28412
10270
21253
19286
17285
4870
10756
2936
3845
31506
18299
4738
15067
5879
28380
8045
11816
1309
2432
26754
12073
30626
12954
18295
28356
24994
16234
28891
29280
2486
6067
15028
20474
9658
29294
13926
28789
25556
19136
8662
19506
1201
8490
29648
21985
27410
23808
1958
1943
17544
25116
11290
17952
12155
11987
6526
3734
625
5672
4890
8754
6285
27200
14286
9315
18262
11030
17913
24349
25019
3440
22169
8564
27731
28178
21427
27753
26345
1329
11765
25092
20279
28202
5530
10915
16626
22388
14990
17553
22279
28371
22482
29146
12837
24015
3619
14430
18555
27237
20950
10277
25283
4092
28679
23538
27263
9371
28402
26651
28034
24152
19873
11159
31411
19732
26312
14169
15374
7269
31469
16348
29163
12756
9675
19712
13187
31561
17145
7188
6320
451
1479
26676
12532
5196
18537
3285
27581
7981
22103
13982
21991
862
13811
5754
20611
576
13676
19179
9431
4494
16099
29601
6565
11153
14285
9035
28081
28564
28569
9133
23421
9880
24978
16370
2647
73
19974
2372
4245
7216
28328
18843
27424
13097
18995
6354
3631
29976
27472
18432
29525
28376
32442
5893
18622
3188
7328
26723
9654
2970
16715
26448
26730
29260
14592
21513
8435
24025
808
27240
11664
15884
28846
5817
27699
20643
425
27850
9536
28930
17979
5441
5009
4137
18104
9522
11709
26852
14091
5105
5274
17473
31062
17189
19200
25159
13273
19742
6864
23269
32277
3433
19253
2857
26929
6049
3114
25267
26524
4231
15165
9576
22516
7509
26002
30059
14119
23888
11050
14665
15832
8605
26469
12915
27908
22357
17094
22514
19941
22492
4599
18774
26902
4974
9741
28143
14585
18938
29196
5184
6998
17972
10670
9649
1604
20198
15712
17028
1101
17030
22414
23050
15309
4366
16160
4887
1435
2056
17221
6323
22251
9448
5231
7954
627
24991
11935
13511
5325
12141
14562
13364
20509
5111
32283
26949
2803
7321
25348
16222
30323
7165
32112
2961
4019
26093
12499
18197
16484
32101
29699
19955
29365
26861
9280
30211
7284
8485
2419
4631
1398
19874
28595
13686
19770
17400
31245
19340
29641
32024
4741
22495
27104
29917
7000
29253
27729
10209
17796
21333
11943
9109
12426
1307
6409
23697
14195
3088
7521
16168
3857
7240
26557
11840
6535
12014
28149
25696
4876
3054
8846
27403
31723
7153
20190
7245
25550
5774
22641
25235
31293
24766
30124
10944
2146
12177
5552
15484
14351
17184
32641
27855
19458
19907
27752
24304
11623
23428
8597
18263
29342
19923
19721
25881
17215
16251
10675
9589
15707
25812
11993
9642
16389
15418
20154
1804
16145
8895
2162
18775
1052
8477
20765
8003
205
1263
6207
29017
5721
6688
27492
772
30285
6307
32003
28139
136
6756
4776
26494
17030
11647
7762
1231
31717
22193
1818
28836
19489
6155
25878
18378
28067
20462
13437
4012
8698
1075
17420
31524
13160
28074
25256
29072
12192
22470
4164
3113
16334
10390
13829
32144
16856
9463
10660
6058
1763
17673
21
25518
23322
11487
29542
124
15018
7547
24553
15153
22545
29177
7317
5624
22425
32010
12970
12579
25631
23204
14484
19066
281
2552
21522
18130
15832
25509
10135
31202
11786
16427
12017
8275
19330
25250
20264
16406
9532
31660
7593
25338
32667
22696
8867
24446
18934
4904
6834
9187
3411
21669
31675
14214
14450
626
16663
26221
27918
26095
17139
19232
12895
9471
7414
10938
12515
7868
26661
22335
23390
105
19460
3120
10528
9895
11006
31069
17798
7916
28167
28667
22723
23858
13184
26102
19936
31212
25947
17289
14850
3134
31359
12043
18668
29805
26478
19212
21188
10901
549
6816
32538
26010
23876
32763
6438
11872
24174
2366
31057
13119
5107
32657
10232
28593
3500
27762
7532
31822
15655
2380
17213
6907
8452
19788
6840
21342
16287
3440
11438
13205
13552
25313
9847
2343
22447
19330
18487
9786
14779
14537
2144
1799
1980
206
4216
27532
3079
26017
30493
14720
22723
9953
23366
14988
23882
20874
17611
2744
27346
16911
28200
19236
27725
3241
23422
27896
21902
16366
25306
10397
3500
13733
2490
29998
22699
26073
23501
5161
1113
28716
7931
1387
23671
20334
2213
30555
10777
27502
22574
1893
16976
32016
31418
26282
26629
30880
7221
14069
1320
29286
18840
13297
32523
12667
2151
31898
10760
25819
1918
4338
8298
11962
19726
22517
139
31260
1507
16846
22073
20128
23016
23115
13150
5788
27116
24463
15328
2927
23206
12551
10439
15379
4343
10911
1694
25074
880
16437
13083
30715
17684
27981
24066
18420
11615
19719
4422
25106
16775
28239
1137
12999
17153
14420
16199
10971
1863
29499
20390
11710
31961
18708
5809
14877
385
21261
28974
179
28124
1765
16171
23906
31254
6308
3816
26242
24565
9354
28401
1657
24089
13637
11147
21387
130
31335
31569
6644
21074
17174
24351
19508
23764
4357
14639
19883
6078
22436
24450
19301
11955
15252
11650
5943
16396
26206
22757
14603
30936
16996
3540
10872
12833
13080
5709
28822
29554
7531
4294
2064
32405
21641
31251
22394
18593
16067
3721
7141
1077
18124
18020
945
8446
27945
29030
27555
25727
3555
13761
29239
17
11903
30263
21816
18472
26671
25472
19853
28889
16970
15596
23894
29593
4346
1097
17464
584
11317
10503
3572
11118
4846
28314
28479
5060
20108
4640
25806
26870
10907
29508
18608
29095
5313
17506
20960
24245
14580
1516
12827
16831
11755
20748
17903
19685
17874
13706
2837
16335
22338
12017
20736
9713
4720
29933
22454
18957
13989
11000
20703
761
15342
13109
30491
15778
17684
10396
12185
26705
28110
17496
27110
9005
18742
12909
12802
23042
9338
6558
10425
11072
25044
23182
22064
16455
32700
18981
2751
31457
8284
27445
16894
7184
9540
27486
15395
18443
13151
26415
16779
2947
13093
14733
17558
17962
8467
23129
21944
7798
16984
4173
7629
25250
4562
31271
21165
31479
31032
13066
23041
20809
10905
5665
3669
20932
11781
25989
23150
26857
30602
22625
7901
8915
6498
21588
5588
20415
26218
22038
10553
20939
6358
19807
28409
30718
20771
28676
16287
2697
334
18531
6949
27724
6212
770
20489
30108
409
16243
6308
27716
19836
26747
8888
15561
5355
22387
13640
22771
28195
18157
26796
24456
1371
22683
9444
29019
11697
12909
23085
22405
32357
30458
10194
24307
20549
7457
25925
3361
12136
27376
16750
4644
5407
6084
27715
7150
32297
22962
32409
28366
12582
25126
5177
26422
18766
3530
19511
18625
22883
19370
9087
32372
15076
32661
23985
12357
23940
25542
28719
20953
10971
11716
9076
3730
21082
31366
24231
14025
4484
17883
20847
4696
19547
28937
28682
15452
2585
7348
30105
27705
10785
23042
24766
20446
25909
30461
7785
23370
28393
27193
22255
12622
19288
8630
4445
2453
11541
14599
8459
14307
28517
23220
4468
14490
171
20702
1092
26242
20771
2337
13747
15817
6611
4031
6930
20553
4031
17914
20387
20234
22365
22465
17326
19720
19528
13455
25041
7990
28984
3985
7832
32194
7218
11015
9806
19099
13052
29420
7442
8497
3028
10969
9517
4988
18017
13095
8098
14399
12522
10580
23303
28302
3526
26535
9364
31374
19732
10263
28538
24444
3756
20074
1653
6896
85
7578
31653
9571
27704
23676
19098
23535
2964
11683
24750
14167
29108
7811
32663
29767
8990
12754
11836
4317
11534
26932
11208
17255
20770
4630
6397
20079
6487
23002
19404
22005
26676
27957
290
6651
22853
9942
24836
14919
1483
4425
2270
26468
434
16410
4120
9450
9411
17469
15083
255
29723
16301
20339
25886
16348
23636
16645
25623
18722
10795
9666
10583
1081
10402
10860
28010
19213
32578
30841
5054
5089
10641
16998
21930
68
6710
27214
7854
22593
6493
30395
32253
17879
25181
18876
20792
25769
17560
20024
3197
31221
19363
3969
17312
26826
12968
28460
22712
13942
9992
27937
29662
13118
7748
13806
10289
6995
17181
27489
27166
17409
15866
23381
15070
10536
23691
6348
11583
28400
23724
11070
10152
11193
24204
18481
1879
3665
16910
19210
2286
13418
29551
24355
6702
17739
27434
4125
30978
9413
25880
13432
17343
21097
4828
26208
24234
18680
19838
32458
21179
29211
2646
18112
2464
596
5932
21241
2821
20789
24989
15789
7955
464
19904
12967
31286
3950
24586
412
22052
4740
15983
10939
7195
20962
19658
6533
1129
29742
26751
479
20274
26001
1887
4966
31342
17840
15820
30466
6449
29150
28701
19134
12335
32655
13124
4055
15231
15120
8365
16146
16799
32374
8554
30547
6073
29909
29838
31340
15140
7602
29910
27699
25646
9402
24975
2007
13849
25012
11955
16244
12387
5300
8278
31204
17739
12945
13632
25305
14736
21914
9436
296
12668
9861
29777
1896
3873
20904
26350
4796
1507
23660
19915
19437
1846
28414
31405
7868
27817
26183
23083
31606
804
16927
30991
22216
23405
17341
30975
23509
1009
20594
14429
1158
4034
27800
12651
3105
3804
25285
21683
28702
23468
27460
25254
29494
25043
26565
2179
22204
16935
1875
17530
15920
30714
26247
21778
28946
25504
32763
14280
28404
24107
258
31480
2515
14969
22166
26369
31399
22385
1682
17061
9273
10121
10530
13998
30773
20875
5751
5335
12928
20122
7359
1513
24267
10608
21076
25381
23657
17129
22579
16098
21597
16325
8369
24695
21944
937
3689
14171
3106
23912
32633
2443
17590
18561
6382
24876
13587
26601
26236
32114
14511
7690
8819
19136
30831
26123
14830
9745
12405
21074
24909
28566
2106
21575
19686
12448
12508
12635
25080
22721
15801
18762
29664
22062
27452
4508
24976
3432
18423
27250
10044
29724
29682
12415
14422
21319
27203
12373
13757
29853
2271
24290
21554
16172
19120
31546
1803
1853
26600
32151
17195
5499
20628
30621
28209
10583
13684
18915
19952
31402
4874
21168
3104
32412
29425
31234
8786
29638
22384
16085
16938
31123
1359
10657
3528
14060
8169
18469
13447
21524
19331
5731
18410
19408
18908
30956
23763
22476
17669
11357
19702
31802
15475
20010
11406
30396
18515
25242
18510
5252
10013
31763
16283
13241
18796
26520
3832
29725
20493
656
7874
23278
12374
7625
10781
28170
29369
4540
4654
2646
16281
26643
29067
31071
11867
15976
1007
2626
2753
18000
13875
12746
1139
1688
29305
30169
31967
16846
31915
10249
26435
9731
29476
13202
28424
10704
18348
623
22610
14999
17578
15804
20181
8203
29333
28003
5866
14579
29100
15095
21730
29995
7143
23520
24218
12523
813
26297
19279
21835
8135
6134
13748
25095
17173
18890
25666
17536
8831
9032
19408
8196
3759
17096
8291
27471
11005
26508
26695
1874
14635
24227
17759
13107
19795
14094
26809
404
32285
290
25701
13080
25909
7469
20360
6691
1021
23900
28844
27618
24703
32476
25178
8844
28325
15936
26091
21735
6572
2851
22683
9997
470
7950
32479
14448
16991
31644
6649
13084
21427
5083
31689
24636
24030
9462
3302
26080
3908
529
30957
4605
19346
22389
29977
22197
18164
10477
21780
23513
24969
3951
25101
18861
22292
31231
10251
12523
5876
30161
11649
13322
22614
16814
18722
21951
16041
12440
2550
4293
8786
8113
26030
7386
20897
857
8501
1290
24068
20375
10119
29487
18811
16314
17094
21689
10316
16704
27531
15531
2808
1526
8826
9958
17517
353
2073
170
24701
21853
9954
6746
24207
29188
9110
26239
1173
27857
18389
10768
24126
21253
6892
497
15468
31562
31982
25017
18664
6807
30726
28600
597
8275
15371
25145
13410
7613
30805
16900
16452
15499
1999
13863
18788
2257
9038
15606
6740
4645
3617
30289
22024
10241
28906
25381
18755
13673
22188
15925
28751
32717
36
21019
1265
19760
349
28809
10396
13706
23935
28373
32485
9067
5351
19381
19511
18402
22909
25159
27848
1437
23874
20052
14283
5969
28457
26069
8936
30045
23080
27574
14825
16042
14990
24539
16054
10453
15767
4193
1411
15248
32574
20518
24904
23365
31314
30347
13425
26365
16076
3192
31191
28033
25184
19105
23024
15806
24402
19720
8258
22126
21899
8131
9502
30965
25068
2304
32650
25481
32738
13382
4991
30358
10555
8958
20565
18785
10296
1585
13179
29163
20451
26003
25451
1048
3746
14273
30429
3088
3853
20423
15419
2022
23293
17381
5462
9336
13541
12691
15191
16790
7014
706
32504
358
11037
6245
22772
26374
21184
32304
24251
18548
3433
2975
28523
6059
5937
5691
11516
18191
20481
6425
5562
19723
16549
30115
20985
2809
30242
12698
2564
6978
10058
22108
22614
19142
22669
21859
11277
16766
29202
5647
12187
7775
31751
4261
1983
2690
30005
6807
32436
1923
30679
18438
28584
32039
8364
1669
1647
19009
27723
21792
10105
23766
32439
15773
5121
5503
2355
29441
7816
31247
16983
14678
898
31606
9316
31404
14927
21221
26069
11614
21100
14899
24630
28566
12523
896
22841
31763
16928
21528
25095
23594
29598
1689
16596
31499
2658
30809
6326
32326
10573
17922
17335
1934
7128
15231
4905
17340
14595
31516
27193
27415
29326
8168
26311
5842
25708
24414
3189
4054
30837
28229
9726
31426
29275
11477
20682
1328
30687
24091
26303
30779
26948
28319
14937
21566
7684
3651
22781
23005
22979
8558
18314
9290
3457
19818
27954
14529
14611
9227
8328
12117
212
12946
2777
22767
19352
30672
21952
1684
31969
1423
22261
21990
8022
20781
11878
9966
4976
30602
2697
7960
5751
30757
1776
23935
13741
11137
22814
17515
457
30926
16281
31768
5798
3781
26432
4794
19261
9172
15071
23997
7633
379
20737
81
12393
24310
27653
15142
27011
20252
16500
26996
3335
17799
30098
20287
24954
30453
5171
7385
13684
6382
22480
19368
22868
17575
5594
14377
24882
295
12110
7477
17173
14504
16522
21636
9574
7488
863
111
29093
16576
5991
762
32603
25565
9369
26129
27472
16525
3098
6418
28413
21428
6998
10124
19524
27136
30032
19783
8543
29713
9782
2948
14615
26078
5433
9093
11062
9556
18588
6736
24894
19520
12298
10673
21339
16750
26924
17022
4503
27922
12923
1054
27981
3176
83
19788
22240
26776
26697
18969
17324
29916
22207
9008
12349
6116
17078
12894
4799
9338
21475
24658
20918
17762
12036
4001
4848
24708
23668
14605
30391
13645
31997
7430
4939
14930
16622
11889
17551
32310
21870
6825
9218
4046
15376
4803
15601
12676
16552
14871
20715
23545
348
24059
16502
21487
15614
23250
27648
22373
23449
21062
8472
9731
25929
5841
26590
26809
23376
28802
17592
15524
10087
7934
16967
25905
5458
15557
22426
27012
2743
26550
32417
8475
28976
21206
3812
29614
1695
9549
12404
20570
1986
19121
31522
8191
26887
6279
5616
14055
4513
27911
27333
2472
19675
11040
16997
10571
26028
14268
23711
19117
8332
23621
22729
23846
1927
12904
617
29801
15504
32025
22069
2475
17943
4823
21310
22536
2526
15665
27752
22562
27144
12681
11805
7947
14451
1816
27714
9317
29767
20018
3178
13255
1487
11467
16458
3427
27784
9275
17518
31206
4984
25662
30506
21920
16321
20287
23506
22245
19830
5078
24109
5043
11949
32655
27176
2708
24790
28397
11208
12998
19531
32430
2914
22426
16936
25169
14862
17178
3164
982
25177
31726
17408
20677
20794
6785
25064
22641
11080
31071
15736
8062
553
17634
28089
19617
24142
11789
16556
4775
4317
17592
15583
31673
25071
15597
24893
31198
28412
9107
5930
24769
19859
17993
2768
11445
17999
21141
23987
15094
15366
28734
26508
22321
4931
23286
31060
16967
11767
16188
22175
5711
20331
24193
22827
11226
31865
16010
29369
25722
11260
26645
283
32389
23429
30911
10383
22038
23632
3109
10315
14165
27766
16458
23897
9720
28771
22841
26533
15882
24715
18411
9557
4587
16217
6250
30808
10649
11112
2871
2626
1837
25078
24041
599
21673
17814
1816
25061
7920
15652
27001
31448
16918
32510
16970
13448
27354
7281
22257
4821
20849
24946
9696
13174
4486
23695
7867
13710
17278
8997
9661
16256
15104
9682
26200
5893
3765
10541
14619
32636
19788
14005
8409
21121
962
6664
8968
1728
30944
15958
32615
6411
16901
20
2788
2987
5413
18165
12732
28660
31762
31766
25828
11805
19706
12408
30376
32590
3121
1972
10898
19961
6961
15082
31885
28782
22752
18427
25418
29098
5905
8440
4579
23664
2380
28634
31934
15516
4306
17011
9653
19123
2524
12964
29555
30142
32292
24273
6177
16217
24742
18066
19267
7687
13992
24491
23260
22984
20984
30527
22489
5870
117
13120
25004
812
21712
18474
21816
22768
27796
14065
25325
11506
22372
10039
20532
14861
900
12739
26637
8015
21404
12079
24310
17484
16824
24288
11792
22455
13202
31292
10621
7219
25620
2070
22028
30566
1561
1133
16920
30543
1140
12375
26029
16858
819
7736
19949
8882
1573
20023
6066
11095
24729
28403
32117
6512
21097
5745
31855
30562
30263
1882
21757
11041
25847
22115
27209
26439
12973
1036
17703
12899
10360
24205
15933
30867
24528
16397
4967
23381
8972
32022
27738
13210
14119
5958
4743
31260
29379
2119
24642
2546
18030
14593
11043
29025
6693
30989
11692
17654
9238
2669
13357
10449
7338
5499
4325
1092
29635
6432
7018
5021
27459
11078
16203
19519
15053
7568
24051
18168
8399
23112
2000
9358
1216
3481
20661
8347
3750
28414
17277
18075
22492
16122
14578
32068
6418
19722
5613
23574
31125
6616
13502
32562
25553
27057
32205
19823
788
23353
29570
25771
20116
22109
13667
8287
17844
26506
15996
28278
16771
23324
25348
26208
32645
11546
20797
22114
18871
8480
6556
15152
24525
5788
554
21949
1470
27965
10538
21330
23426
3497
15100
15326
25114
27247
16193
6797
20946
3388
16704
5275
9667
1105
22409
25195
155
17460
20183
24275
20129
20902
31803
8378
18675
18390
31351
21222
15890
3796
22184
15887
17313
22088
28713
14648
13674
10340
4019
29759
9634
10519
31177
20658
8814
21892
83
15588
29862
22450
22409
17728
15320
17029
12818
20446
2960
18925
26733
13908
28118
19293
12177
12751
28409
14975
8912
19810
5771
17958
9473
21149
29101
18820
23774
25698
4749
23965
20651
15348
10540
7931
25881
15441
6501
31651
17257
20418
12843
7497
27348
17328
27154
17344
28971
5817
17680
9140
14011
27907
18309
7579
4467
7888
6778
24809
13129
5459
17702
20355
20441
27075
8119
13687
17743
31405
25423
10474
19592
27534
31564
9810
29812
17057
31692
15589
27839
6390
24944
24400
25520
4292
32353
11437
31569
1536
14481
17839
6608
11566
32068
544
6437
5240
3534
6798
6645
15101
2462
6721
32182
12907
22907
11632
19477
32464
24590
8116
1940
10413
5025
7868
13688
13645
25894
5443
7394
31060
6267
12863
316
31131
29164
28763
23510
20027
23802
12712
22737
15336
28762
17295
6973
30593
29505
24331
3198
18404
18399
30997
15092
31239
24361
30559
3035
23365
6620
7492
17519
11765
15039
17663
11860
19521
20008
14620
23350
27958
10945
16941
19373
16407
28556
15550
32099
20983
8997
19339
9336
29062
22600
31216
5157
1324
31634
25248
6816
1876
11916
11930
21568
7435
21477
89
14818
31433
12543
8011
28299
2958
18606
30597
4175
3633
21308
16821
4209
7413
30640
26456
22219
21342
10831
30509
13424
1603
21604
15849
27025
16931
10557
22316
17053
957
19574
19124
4268
24282
11642
2513
286
1902
15430
24856
6271
28895
23408
12892
21678
30629
13160
2778
14911
18707
19199
27060
20765
32116
2341
19105
21620
6234
1015
18658
6606
25395
16633
28280
29564
22045
19103
916
4663
764
16147
29263
10759
14025
15410
4763
24164
17709
19671
29305
14747
12878
15197
28269
13172
12009
27999
11823
2834
6817
11458
22948
30746
150
502
6668
30488
16954
888
15229
13598
25696
16028
656
24238
12950
7561
2650
21977
11445
28293
16030
5033
29366
28787
17984
14525
8903
2201
29181
4403
23966
1447
858
4043
25870
5109
24538
1096
2264
18189
